90
2
2337 5777
2
7057 8737
6
9362 4882 4322 5162 3777 6408
2
2737 8202
2
4225 193
7
1537 570 626 9854 1230 5697 657
7
1057 4753 8712 7202 5282 4785 2433
7
625 9777 4344 1876 1569 5626 817
5
6808 626 625 8705 1
5
2002 2094 6020 3400 6292
5
8460 7537 8625 6033 2288
2
4737 3202
5
817 8642 3217 3202 2673
1
5682
5
7810 4802 9448 3126 9617
5
4785 2370 8625 5202 2
10
1217 1777 2033 1825 9377 1 385 1 568 1
7
433 1 2097 2242 4817 7042 3777
10
2785 7057 9090 2802 2530 4722 9953 6510 5626 2410
6
1644 1 9202 8322 6625 508
2
2580 177
7
3297 4800 8417 6002 1282 4610 7198
4
7537 8817 2002 5377
7
1 1 1 1 5842 4642 8652
2
8977 7377
2
1393 4225
10
8126 1 7345 9377 6545 2529 1762 6802 9377 1
6
7745 9297 6833 8465 5626 5052
4
8833 2977 8774 3842
3
1 9122 7025
1
850
10
1 6522 5626 225 5626 6308 402 2689 242 5442
8
2308 4362 1 817 9922 626 8500 1
7
7313 9042 1522 4017 3202 6788 1
2
5025 3810
2
1 626
2
7217 5137
5
5250 577 1 7974 8242
6
3425 6897 1 8897 3324 6294
1
8534
2
9425 282
1
1650
6
6657 3377 1 9376 2273 6482
7
5122 7970 4572 625 6930 5217 5602
3
3802 7692 3832
1
3777
10
1 1484 8242 492 1 433 626 7777 1362 4790
10
1313 1858 3217 1522 5729 6257 8833 9857 1876 626
8
1122 465 2962 9002 626 8513 1602 1
9
5922 8802 9585 6593 1 7457 626 5170 3126
2
8712 6369
2
5626 2897
8
8170 2113 4370 2833 2208 9457 6833 754
2
6897 7377
3
3722 9905 1
7
8337 5626 1 1 362 1217 1876
2
1 4544
10
8497 8126 353 1042 4122 1442 626 9682 628 1
7
9297 2977 8722 1377 8180 7704 5073
10
6876 9057 5852 7873 1250 4968 7202 7665 6802 3505
7
2028 7610 3922 2545 5712 7490 3000
2
1 6650
1
3544
1
5825
7
4929 9745 2465 8097 1 1025 1
2
1 2802
3
1 7610 5633
1
2705
5
9364 1297 1 3937 1
1
3777
7
8097 9058 5074 4433 3042 7954 2588
10
4344 6305 4582 5697 1 4280 6705 929 9202 8162
1
5153
7
5905 8564 6577 144 2177 1633 482
5
177 1950 1 2962 1876
8
1633 3548 626 4449 3137 90 65 7334
7
3126 8993 9814 2238 808 9376 5362
3
8450 7410 6993
7
1745 2402 1 2785 1 3890 1
2
626 7425
7
5184 6657 626 1922 1876 4817 8625
7
1 2602 5362 1 8170 6402 385
2
1254 1073
3
1 7500 4238
6
402 8737 6097 3998 4625 8369
10
5220 5777 562 894 9202 2840 7908 4376 8530 8358
5
626 9200 1 4977 4530
9
6250 2369 1824 5682 626 9377 4376 1 5025
2
5377 1233
6
1 193 6209 385 5626 8126